262646182029950976
254109423016869888
85757894158462976
483377420494176258
546445579002314772
369982786356117504
535126875530461184
435853110129197056
500677548473188361
280563293440049173
181909185733066752
726946567042629723
823567842506440755
188687814475382784
338940187570864130
433725457519738890
672177318147522569
225783397086134273
98606147723870208
328271287023566858
223935214915813376
818541988348690483
560269427879313437
425110731873320962
275764939065655298
170713023684542464
365024394029957132
134066983791493120
170743622591840259
675091501461798924
289207269210456064
588521490949865491
188805218794733569
689454546824855583
155388536634212352
272569457220517888
197228726277111808
210991163954429953
208377616783114240
487702414409990146
160719384480972800
205789671836352512
296023718839451649
759104168182022204
444349365323169802
725944658806440007
660475818283368458
523988665014157342
392471371516608535
360846686471323648
777464321693188096
822574159779463218
372180384093437952
301794312004435971
262307650442756096
632618360135352330
283781190136102912
245221488238526465
256001122437693441
599367702460760085
178350075448262656
107265676787331072
277341275525611521
572015737837846528
467753612320178177
125802239070699520
247776506057588738
353681967440723971
438118090648059915
287075418886897694
234752747960795136
538778396407234580
192786788538908672
288444889694208001
646644022655582233
647838334542151717
480716581719113738
335470446474428440
286338816518914049
231940795538735105
279775036875735051
680529454203666479
224410431295324170
722973536456671272
236490036315553792
617735302928269359
102579941236801536
302050872383242240
223249689661669376
253249173091123210
453321161061695488
347971450805944330
410631422290690051
449950357561409536
308158777620692992
791063650467053609
555901710615445525
268512055110270977
355453110279208960
331197365698428938
192904072855158785
207557966013005824
263466530430386177
618096301594247264
399935683508174861
350442681563873280
705079238348505152
138341056566657025
229334139755692032
449878883395960832
745357709913620480
155149108183695360
271772842025156611
609575704480317440
354729878324641792
222051005771153408
138823706746028032
785681831088881665
340570503758610432
195385568517947394
106618082641850368
434406907201978369
303615869131685888
91706230623465472
286102534916014080
378181311594102785
228739456327221248
514197744676503638
702181611386568774
806811334569492490
125777827659251712
267684189443325954
180544716830408704
207980362930978816
348114417126342656
272892136469561355
303312502178054144
452281643244322847
698795757334954096
361214962552537110
298287373543014403
478405420260655106
395813601316831254
766377110826385438
341359085515571202
121399658651058178
436363062577070080
482627314706939924
813386136533467187
825151379823525897
241962698349215746
280688898361917440
300924685317570570
753688414997708900
439205512425504771
127545964276875264
525716917399322644
335629486173454346
376054532603510787
273184481635205130
267003969685946369
387656998222823454
262279560513585154
543638462847254528
384459643545583627
449762360211669023
484963730551996426
566350327335485441
360488106874503178
204255221017214977
170608922510622720
400415609915047947
336593968055844874
313000728950210570
582786845327228928
80091569473986560
353244122741735426
234028648166850560
122780100394614784
257219919677095936
443799565296992268
394867454305763328
222163729117216771
471450429335666691
556938841391497236
296022708892729347
472202557083746304
390120987133476864
154405199363047424
121282698013704201
523619935520424007
431834170936000513
518835617174519819
112991571640606720
679584835702226948
411229722308116491
252064300485705728
161647482193969152
283121494941499392
331950616718868482
823805363605471262
121293146398130176
152938633198960641
100751306620157952
787121164581470228
360629680816128000
269681092662001685
693716367056175115
820418045666394112
281209773263945728
201526635185438720
224842554133184512
442340699652751361
265274348766494720
453375569548279839
430131787868667905
478658720742506498
677914858498293771
261685189820809216
392117147498708992
455080243183484949
634599909953110038
659779499356979200
205426652140797953
215282388333363201
118496327674888195
204291805389258753
410544741944655873
710486805836988507
298963957157462026
729412758931636334
244289314949824513
535585974210527233
234519864335663107
177205276187951106
212355622430048256
174637697439236097
188147386009255936
218917111286857728
